482
960
0
-10
0
0
-1
0
0.5
0
-0
-9.80785
-1.9509
-0
-9.80785
-1.9509
0
0.9375
-0.380602
-9.80785
-1.91342
-0.380602
-9.80785
-1.91342
0.03125
0.9375
-0.746578
-9.80785
-1.8024
-0.746578
-9.80785
-1.8024
0.0625
0.9375
-1.08386
-9.80785
-1.62212
-1.08386
-9.80785
-1.62212
0.09375
0.9375
-1.3795
-9.80785
-1.3795
-1.3795
-9.80785
-1.3795
0.125
0.9375
-1.62212
-9.80785
-1.08386
-1.62212
-9.80785
-1.08386
0.15625
0.9375
-1.8024
-9.80785
-0.746578
-1.8024
-9.80785
-0.746578
0.1875
0.9375
-1.91342
-9.80785
-0.380602
-1.91342
-9.80785
-0.380602
0.21875
0.9375
-1.9509
-9.80785
-1.47289e-07
-1.9509
-9.80785
-1.47289e-07
0.25
0.9375
-1.91342
-9.80785
0.380602
-1.91342
-9.80785
0.380602
0.28125
0.9375
-1.8024
-9.80785
0.746578
-1.8024
-9.80785
0.746578
0.3125
0.9375
-1.62212
-9.80785
1.08386
-1.62212
-9.80785
1.08386
0.34375
0.9375
-1.3795
-9.80785
1.3795
-1.3795
-9.80785
1.3795
0.375
0.9375
-1.08386
-9.80785
1.62212
-1.08386
-9.80785
1.62212
0.40625
0.9375
-0.746578
-9.80785
1.8024
-0.746578
-9.80785
1.8024
0.4375
0.9375
-0.380602
-9.80785
1.91342
-0.380602
-9.80785
1.91342
0.46875
0.9375
6.35685e-07
-9.80785
1.9509
6.35685e-07
-9.80785
1.9509
0.5
0.9375
0.380603
-9.80785
1.91342
0.380603
-9.80785
1.91342
0.53125
0.9375
0.746579
-9.80785
1.8024
0.746579
-9.80785
1.8024
0.5625
0.9375
1.08386
-9.80785
1.62212
1.08386
-9.80785
1.62212
0.59375
0.9375
1.3795
-9.80785
1.3795
1.3795
-9.80785
1.3795
0.625
0.9375
1.62212
-9.80785
1.08386
1.62212
-9.80785
1.08386
0.65625
0.9375
1.8024
-9.80785
0.746577
1.8024
-9.80785
0.746577
0.6875
0.9375
1.91342
-9.80785
0.380601
1.91342
-9.80785
0.380601
0.71875
0.9375
1.9509
-9.80785
-1.88379e-06
1.9509
-9.80785
-1.88379e-06
0.75
0.9375
1.91342
-9.80785
-0.380604
1.91342
-9.80785
-0.380604
0.78125
0.9375
1.8024
-9.80785
-0.74658
1.8024
-9.80785
-0.74658
0.8125
0.9375
1.62212
-9.80785
-1.08387
1.62212
-9.80785
-1.08387
0.84375
0.9375
1.3795
-9.80785
-1.3795
1.3795
-9.80785
-1.3795
0.875
0.9375
1.08386
-9.80785
-1.62212
1.08386
-9.80785
-1.62212
0.90625
0.9375
0.746576
-9.80785
-1.8024
0.746576
-9.80785
-1.8024
0.9375
0.9375
0.380599
-9.80785
-1.91342
0.380599
-9.80785
-1.91342
0.96875
0.9375
-6.14344e-06
-9.2388
-3.82683
-6.14344e-06
-9.2388
-3.82683
0
0.875
-0.746585
-9.2388
-3.7533
-0.746585
-9.2388
-3.7533
0.03125
0.875
-1.46447
-9.2388
-3.53553
-1.46447
-9.2388
-3.53553
0.0625
0.875
-2.12608
-9.2388
-3.18189
-2.12608
-9.2388
-3.18189
0.09375
0.875
-2.70599
-9.2388
-2.70598
-2.70599
-9.2388
-2.70598
0.125
0.875
-3.1819
-9.2388
-2.12607
-3.1819
-9.2388
-2.12607
0.15625
0.875
-3.53554
-9.2388
-1.46446
-3.53554
-9.2388
-1.46446
0.1875
0.875
-3.7533
-9.2388
-0.74657
-3.7533
-9.2388
-0.74657
0.21875
0.875
-3.82683
-9.2388
8.59168e-06
-3.82683
-9.2388
8.59168e-06
0.25
0.875
-3.7533
-9.2388
0.746585
-3.7533
-9.2388
0.746585
0.28125
0.875
-3.53553
-9.2388
1.46447
-3.53553
-9.2388
1.46447
0.3125
0.875
-3.18189
-9.2388
2.12608
-3.18189
-9.2388
2.12608
0.34375
0.875
-2.70598
-9.2388
2.70598
-2.70598
-9.2388
2.70598
0.375
0.875
-2.12607
-9.2388
3.1819
-2.12607
-9.2388
3.1819
0.40625
0.875
-1.46447
-9.2388
3.53553
-1.46447
-9.2388
3.53553
0.4375
0.875
-0.74658
-9.2388
3.7533
-0.74658
-9.2388
3.7533
0.46875
0.875
-3.55829e-06
-9.2388
3.82683
-3.55829e-06
-9.2388
3.82683
0.5
0.875
0.746574
-9.2388
3.7533
0.746574
-9.2388
3.7533
0.53125
0.875
1.46446
-9.2388
3.53554
1.46446
-9.2388
3.53554
0.5625
0.875
2.12607
-9.2388
3.1819
2.12607
-9.2388
3.1819
0.59375
0.875
2.70597
-9.2388
2.70599
2.70597
-9.2388
2.70599
0.625
0.875
3.18189
-9.2388
2.12608
3.18189
-9.2388
2.12608
0.65625
0.875
3.53553
-9.2388
1.46448
3.53553
-9.2388
1.46448
0.6875
0.875
3.7533
-9.2388
0.746592
3.7533
-9.2388
0.746592
0.71875
0.875
3.82683
-9.2388
1.57083e-05
3.82683
-9.2388
1.57083e-05
0.75
0.875
3.75331
-9.2388
-0.746562
3.75331
-9.2388
-0.746562
0.78125
0.875
3.53554
-9.2388
-1.46445
3.53554
-9.2388
-1.46445
0.8125
0.875
3.18191
-9.2388
-2.12606
3.18191
-9.2388
-2.12606
0.84375
0.875
2.706
-9.2388
-2.70597
2.706
-9.2388
-2.70597
0.875
0.875
2.1261
-9.2388
-3.18188
2.1261
-9.2388
-3.18188
0.90625
0.875
1.46449
-9.2388
-3.53553
1.46449
-9.2388
-3.53553
0.9375
0.875
0.746604
-9.2388
-3.7533
0.746604
-9.2388
-3.7533
0.96875
0.875
4.04439e-05
-8.3147
-5.5557
4.04439e-05
-8.3147
-5.5557
0
0.8125
-1.08382
-8.3147
-5.44896
-1.08382
-8.3147
-5.44896
0.03125
0.8125
-2.12603
-8.3147
-5.13282
-2.12603
-8.3147
-5.13282
0.0625
0.8125
-3.08654
-8.3147
-4.61942
-3.08654
-8.3147
-4.61942
0.09375
0.8125
-3.92844
-8.3147
-3.92851
-3.92844
-8.3147
-3.92851
0.125
0.8125
-4.61937
-8.3147
-3.08663
-4.61937
-8.3147
-3.08663
0.15625
0.8125
-5.13278
-8.3147
-2.12613
-5.13278
-8.3147
-2.12613
0.1875
0.8125
-5.44894
-8.3147
-1.08392
-5.44894
-8.3147
-1.08392
0.21875
0.8125
-5.5557
-8.3147
-5.80829e-05
-5.5557
-8.3147
-5.80829e-05
0.25
0.8125
-5.44896
-8.3147
1.0838
-5.44896
-8.3147
1.0838
0.28125
0.8125
-5.13282
-8.3147
2.12602
-5.13282
-8.3147
2.12602
0.3125
0.8125
-4.61943
-8.3147
3.08653
-4.61943
-8.3147
3.08653
0.34375
0.8125
-3.92852
-8.3147
3.92843
-3.92852
-8.3147
3.92843
0.375
0.8125
-3.08664
-8.3147
4.61936
-3.08664
-8.3147
4.61936
0.40625
0.8125
-2.12614
-8.3147
5.13277
-2.12614
-8.3147
5.13277
0.4375
0.8125
-1.08394
-8.3147
5.44894
-1.08394
-8.3147
5.44894
0.46875
0.8125
-7.57219e-05
-8.3147
5.5557
-7.57219e-05
-8.3147
5.5557
0.5
0.8125
1.08379
-8.3147
5.44897
1.08379
-8.3147
5.44897
0.53125
0.8125
2.12601
-8.3147
5.13283
2.12601
-8.3147
5.13283
0.5625
0.8125
3.08652
-8.3147
4.61944
3.08652
-8.3147
4.61944
0.59375
0.8125
3.92843
-8.3147
3.92852
3.92843
-8.3147
3.92852
0.625
0.8125
4.61936
-8.3147
3.08664
4.61936
-8.3147
3.08664
0.65625
0.8125
5.13278
-8.3147
2.12613
5.13278
-8.3147
2.12613
0.6875
0.8125
5.44894
-8.3147
1.08392
5.44894
-8.3147
1.08392
0.71875
0.8125
5.5557
-8.3147
5.62726e-05
5.5557
-8.3147
5.62726e-05
0.75
0.8125
5.44896
-8.3147
-1.08381
5.44896
-8.3147
-1.08381
0.78125
0.8125
5.13282
-8.3147
-2.12603
5.13282
-8.3147
-2.12603
0.8125
0.8125
4.61942
-8.3147
-3.08654
4.61942
-8.3147
-3.08654
0.84375
0.8125
3.92851
-8.3147
-3.92844
3.92851
-8.3147
-3.92844
0.875
0.8125
3.08662
-8.3147
-4.61938
3.08662
-8.3147
-4.61938
0.90625
0.8125
2.12611
-8.3147
-5.13279
2.12611
-8.3147
-5.13279
0.9375
0.8125
1.0839
-8.3147
-5.44895
1.0839
-8.3147
-5.44895
0.96875
0.8125
4.01237e-05
-7.07107
-7.07107
4.01237e-05
-7.07107
-7.07107
0
0.75
-1.37946
-7.07107
-6.93521
-1.37946
-7.07107
-6.93521
0.03125
0.75
-2.70595
-7.07107
-6.53283
-2.70595
-7.07107
-6.53283
0.0625
0.75
-3.92845
-7.07107
-5.8794
-3.92845
-7.07107
-5.8794
0.09375
0.75
-4.99998
-7.07107
-5.00002
-4.99998
-7.07107
-5.00002
0.125
0.75
-5.87937
-7.07107
-3.92849
-5.87937
-7.07107
-3.92849
0.15625
0.75
-6.53281
-7.07107
-2.706
-6.53281
-7.07107
-2.706
0.1875
0.75
-6.9352
-7.07107
-1.37951
-6.9352
-7.07107
-1.37951
0.21875
0.75
-7.07107
-7.07107
-8.62594e-06
-7.07107
-7.07107
-8.62594e-06
0.25
0.75
-6.9352
-7.07107
1.37949
-6.9352
-7.07107
1.37949
0.28125
0.75
-6.53282
-7.07107
2.70598
-6.53282
-7.07107
2.70598
0.3125
0.75
-5.87938
-7.07107
3.92848
-5.87938
-7.07107
3.92848
0.34375
0.75
-5
-7.07107
5.00001
-5
-7.07107
5.00001
0.375
0.75
-3.92847
-7.07107
5.87939
-3.92847
-7.07107
5.87939
0.40625
0.75
-2.70597
-7.07107
6.53282
-2.70597
-7.07107
6.53282
0.4375
0.75
-1.37948
-7.07107
6.9352
-1.37948
-7.07107
6.9352
0.46875
0.75
2.28718e-05
-7.07107
7.07107
2.28718e-05
-7.07107
7.07107
0.5
0.75
1.37952
-7.07107
6.9352
1.37952
-7.07107
6.9352
0.53125
0.75
2.70601
-7.07107
6.5328
2.70601
-7.07107
6.5328
0.5625
0.75
3.9285
-7.07107
5.87936
3.9285
-7.07107
5.87936
0.59375
0.75
5.00003
-7.07107
4.99997
5.00003
-7.07107
4.99997
0.625
0.75
5.8794
-7.07107
3.92844
5.8794
-7.07107
3.92844
0.65625
0.75
6.53283
-7.07107
2.70594
6.53283
-7.07107
2.70594
0.6875
0.75
6.93521
-7.07107
1.37945
6.93521
-7.07107
1.37945
0.71875
0.75
7.07107
-7.07107
-5.43696e-05
7.07107
-7.07107
-5.43696e-05
0.75
0.75
6.93519
-7.07107
-1.37955
6.93519
-7.07107
-1.37955
0.78125
0.75
6.53279
-7.07107
-2.70604
6.53279
-7.07107
-2.70604
0.8125
0.75
5.87934
-7.07107
-3.92853
5.87934
-7.07107
-3.92853
0.84375
0.75
4.99995
-7.07107
-5.00005
4.99995
-7.07107
-5.00005
0.875
0.75
3.92841
-7.07107
-5.87942
3.92841
-7.07107
-5.87942
0.90625
0.75
2.70591
-7.07107
-6.53285
2.70591
-7.07107
-6.53285
0.9375
0.75
1.37942
-7.07107
-6.93522
1.37942
-7.07107
-6.93522
0.96875
0.75
-0.000100969
-5.5557
-8.3147
-0.000100969
-5.5557
-8.3147
0
0.6875
-1.62222
-5.5557
-8.15491
-1.62222
-5.5557
-8.15491
0.03125
0.6875
-3.182
-5.5557
-7.68174
-3.182
-5.5557
-7.68174
0.0625
0.6875
-4.61949
-5.5557
-6.91335
-4.61949
-5.5557
-6.91335
0.09375
0.6875
-5.87946
-5.5557
-5.87929
-5.87946
-5.5557
-5.87929
0.125
0.6875
-6.91349
-5.5557
-4.6193
-6.91349
-5.5557
-4.6193
0.15625
0.6875
-7.68183
-5.5557
-3.18178
-7.68183
-5.5557
-3.18178
0.1875
0.6875
-8.15496
-5.5557
-1.62199
-8.15496
-5.5557
-1.62199
0.21875
0.6875
-8.3147
-5.5557
0.000138007
-8.3147
-5.5557
0.000138007
0.25
0.6875
-8.1549
-5.5557
1.62226
-8.1549
-5.5557
1.62226
0.28125
0.6875
-7.68172
-5.5557
3.18203
-7.68172
-5.5557
3.18203
0.3125
0.6875
-6.91333
-5.5557
4.61952
-6.91333
-5.5557
4.61952
0.34375
0.6875
-5.87927
-5.5557
5.87949
-5.87927
-5.5557
5.87949
0.375
0.6875
-4.61926
-5.5557
6.91351
-4.61926
-5.5557
6.91351
0.40625
0.6875
-3.18174
-5.5557
7.68184
-3.18174
-5.5557
7.68184
0.4375
0.6875
-1.62195
-5.5557
8.15497
-1.62195
-5.5557
8.15497
0.46875
0.6875
0.000175044
-5.5557
8.3147
0.000175044
-5.5557
8.3147
0.5
0.6875
1.62229
-5.5557
8.1549
1.62229
-5.5557
8.1549
0.53125
0.6875
3.18207
-5.5557
7.68171
3.18207
-5.5557
7.68171
0.5625
0.6875
4.61956
-5.5557
6.91331
4.61956
-5.5557
6.91331
0.59375
0.6875
5.87952
-5.5557
5.87924
5.87952
-5.5557
5.87924
0.625
0.6875
6.91353
-5.5557
4.61923
6.91353
-5.5557
4.61923
0.65625
0.6875
7.68186
-5.5557
3.18171
7.68186
-5.5557
3.18171
0.6875
0.6875
8.15497
-5.5557
1.62191
8.15497
-5.5557
1.62191
0.71875
0.6875
8.3147
-5.5557
-0.000212082
8.3147
-5.5557
-0.000212082
0.75
0.6875
8.15489
-5.5557
-1.62233
8.15489
-5.5557
-1.62233
0.78125
0.6875
7.68169
-5.5557
-3.1821
7.68169
-5.5557
-3.1821
0.8125
0.6875
6.91329
-5.5557
-4.61959
6.91329
-5.5557
-4.61959
0.84375
0.6875
5.87922
-5.5557
-5.87954
5.87922
-5.5557
-5.87954
0.875
0.6875
4.6192
-5.5557
-6.91355
4.6192
-5.5557
-6.91355
0.90625
0.6875
3.18168
-5.5557
-7.68187
3.18168
-5.5557
-7.68187
0.9375
0.6875
1.62188
-5.5557
-8.15498
1.62188
-5.5557
-8.15498
0.96875
0.6875
-0.000276806
-3.82683
-9.2388
-0.000276806
-3.82683
-9.2388
0
0.625
-1.80268
-3.82683
-9.06122
-1.80268
-3.82683
-9.06122
0.03125
0.625
-3.5358
-3.82683
-8.53543
-3.5358
-3.82683
-8.53543
0.0625
0.625
-5.13303
-3.82683
-7.68163
-5.13303
-3.82683
-7.68163
0.09375
0.625
-6.53301
-3.82683
-6.53262
-6.53301
-3.82683
-6.53262
0.125
0.625
-7.68194
-3.82683
-5.13256
-7.68194
-3.82683
-5.13256
0.15625
0.625
-8.53565
-3.82683
-3.53527
-8.53565
-3.82683
-3.53527
0.1875
0.625
-9.06133
-3.82683
-1.80211
-9.06133
-3.82683
-1.80211
0.21875
0.625
-9.2388
-3.82683
0.000300338
-9.2388
-3.82683
0.000300338
0.25
0.625
-9.06122
-3.82683
1.8027
-9.06122
-3.82683
1.8027
0.28125
0.625
-8.53542
-3.82683
3.53582
-8.53542
-3.82683
3.53582
0.3125
0.625
-7.6816
-3.82683
5.13306
-7.6816
-3.82683
5.13306
0.34375
0.625
-6.53259
-3.82683
6.53304
-6.53259
-3.82683
6.53304
0.375
0.625
-5.13253
-3.82683
7.68196
-5.13253
-3.82683
7.68196
0.40625
0.625
-3.53523
-3.82683
8.53566
-3.53523
-3.82683
8.53566
0.4375
0.625
-1.80207
-3.82683
9.06134
-1.80207
-3.82683
9.06134
0.46875
0.625
0.000341492
-3.82683
9.2388
0.000341492
-3.82683
9.2388
0.5
0.625
1.80274
-3.82683
9.06121
1.80274
-3.82683
9.06121
0.53125
0.625
3.53586
-3.82683
8.5354
3.53586
-3.82683
8.5354
0.5625
0.625
5.1331
-3.82683
7.68158
5.1331
-3.82683
7.68158
0.59375
0.625
6.53307
-3.82683
6.53256
6.53307
-3.82683
6.53256
0.625
0.625
7.68198
-3.82683
5.13249
7.68198
-3.82683
5.13249
0.65625
0.625
8.53568
-3.82683
3.53519
8.53568
-3.82683
3.53519
0.6875
0.625
9.06135
-3.82683
1.80203
9.06135
-3.82683
1.80203
0.71875
0.625
9.2388
-3.82683
-0.000382646
9.2388
-3.82683
-0.000382646
0.75
0.625
9.0612
-3.82683
-1.80278
9.0612
-3.82683
-1.80278
0.78125
0.625
8.53538
-3.82683
-3.5359
8.53538
-3.82683
-3.5359
0.8125
0.625
7.68156
-3.82683
-5.13313
7.68156
-3.82683
-5.13313
0.84375
0.625
6.53253
-3.82683
-6.5331
6.53253
-3.82683
-6.5331
0.875
0.625
5.13246
-3.82683
-7.682
5.13246
-3.82683
-7.682
0.90625
0.625
3.53515
-3.82683
-8.53569
3.53515
-3.82683
-8.53569
0.9375
0.625
1.80199
-3.82683
-9.06136
1.80199
-3.82683
-9.06136
0.96875
0.625
-0.000449904
-1.9509
-9.80785
-0.000449904
-1.9509
-9.80785
0
0.5625
-1.91386
-1.9509
-9.61931
-1.91386
-1.9509
-9.61931
0.03125
0.5625
-3.75373
-1.9509
-9.0611
-3.75373
-1.9509
-9.0611
0.0625
0.5625
-5.44934
-1.9509
-8.15467
-5.44934
-1.9509
-8.15467
0.09375
0.5625
-6.93553
-1.9509
-6.93487
-6.93553
-1.9509
-6.93487
0.125
0.5625
-8.1552
-1.9509
-5.44855
-8.1552
-1.9509
-5.44855
0.15625
0.5625
-9.06146
-1.9509
-3.75286
-9.06146
-1.9509
-3.75286
0.1875
0.5625
-9.61949
-1.9509
-1.91294
-9.61949
-1.9509
-1.91294
0.21875
0.5625
-9.80785
-1.9509
0.000493592
-9.80785
-1.9509
0.000493592
0.25
0.5625
-9.6193
-1.9509
1.91391
-9.6193
-1.9509
1.91391
0.28125
0.5625
-9.06108
-1.9509
3.75377
-9.06108
-1.9509
3.75377
0.3125
0.5625
-8.15465
-1.9509
5.44938
-8.15465
-1.9509
5.44938
0.34375
0.5625
-6.93483
-1.9509
6.93556
-6.93483
-1.9509
6.93556
0.375
0.5625
-5.44852
-1.9509
8.15522
-5.44852
-1.9509
8.15522
0.40625
0.5625
-3.75282
-1.9509
9.06148
-3.75282
-1.9509
9.06148
0.4375
0.5625
-1.9129
-1.9509
9.6195
-1.9129
-1.9509
9.6195
0.46875
0.5625
0.000537281
-1.9509
9.80785
0.000537281
-1.9509
9.80785
0.5
0.5625
1.91395
-1.9509
9.61929
1.91395
-1.9509
9.61929
0.53125
0.5625
3.75381
-1.9509
9.06106
3.75381
-1.9509
9.06106
0.5625
0.5625
5.44941
-1.9509
8.15462
5.44941
-1.9509
8.15462
0.59375
0.5625
6.93559
-1.9509
6.9348
6.93559
-1.9509
6.9348
0.625
0.5625
8.15524
-1.9509
5.44848
8.15524
-1.9509
5.44848
0.65625
0.5625
9.06149
-1.9509
3.75278
9.06149
-1.9509
3.75278
0.6875
0.5625
9.61951
-1.9509
1.91285
9.61951
-1.9509
1.91285
0.71875
0.5625
9.80785
-1.9509
-0.000580969
9.80785
-1.9509
-0.000580969
0.75
0.5625
9.61928
-1.9509
-1.91399
9.61928
-1.9509
-1.91399
0.78125
0.5625
9.06105
-1.9509
-3.75385
9.06105
-1.9509
-3.75385
0.8125
0.5625
8.1546
-1.9509
-5.44945
8.1546
-1.9509
-5.44945
0.84375
0.5625
6.93477
-1.9509
-6.93563
6.93477
-1.9509
-6.93563
0.875
0.5625
5.44845
-1.9509
-8.15527
5.44845
-1.9509
-8.15527
0.90625
0.5625
3.75274
-1.9509
-9.06151
3.75274
-1.9509
-9.06151
0.9375
0.5625
1.91281
-1.9509
-9.61952
1.91281
-1.9509
-9.61952
0.96875
0.5625
-0.000636896
1.94707e-06
-10
-0.000636896
1.94707e-06
-10
0
0.5
-1.95153
1.94707e-06
-9.80773
-1.95153
1.94707e-06
-9.80773
0.03125
0.5
-3.82743
1.94707e-06
-9.23855
-3.82743
1.94707e-06
-9.23855
0.0625
0.5
-5.55625
1.94707e-06
-8.31433
-5.55625
1.94707e-06
-8.31433
0.09375
0.5
-7.07153
1.94707e-06
-7.0706
-7.07153
1.94707e-06
-7.0706
0.125
0.5
-8.31507
1.94707e-06
-5.55515
-8.31507
1.94707e-06
-5.55515
0.15625
0.5
-9.23905
1.94707e-06
-3.82622
-9.23905
1.94707e-06
-3.82622
0.1875
0.5
-9.80799
1.94707e-06
-1.95024
-9.80799
1.94707e-06
-1.95024
0.21875
0.5
-10
1.94707e-06
0.00068144
-10
1.94707e-06
0.00068144
0.25
0.5
-9.80772
1.94707e-06
1.95158
-9.80772
1.94707e-06
1.95158
0.28125
0.5
-9.23853
1.94707e-06
3.82747
-9.23853
1.94707e-06
3.82747
0.3125
0.5
-8.31431
1.94707e-06
5.55628
-8.31431
1.94707e-06
5.55628
0.34375
0.5
-7.07057
1.94707e-06
7.07157
-7.07057
1.94707e-06
7.07157
0.375
0.5
-5.55511
1.94707e-06
8.31509
-5.55511
1.94707e-06
8.31509
0.40625
0.5
-3.82617
1.94707e-06
9.23907
-3.82617
1.94707e-06
9.23907
0.4375
0.5
-1.9502
1.94707e-06
9.80799
-1.9502
1.94707e-06
9.80799
0.46875
0.5
0.000725985
1.94707e-06
10
0.000725985
1.94707e-06
10
0.5
0.5
1.95162
1.94707e-06
9.80771
1.95162
1.94707e-06
9.80771
0.53125
0.5
3.82752
1.94707e-06
9.23851
3.82752
1.94707e-06
9.23851
0.5625
0.5
5.55632
1.94707e-06
8.31428
5.55632
1.94707e-06
8.31428
0.59375
0.5
7.0716
1.94707e-06
7.07054
7.0716
1.94707e-06
7.07054
0.625
0.5
8.31511
1.94707e-06
5.55508
8.31511
1.94707e-06
5.55508
0.65625
0.5
9.23909
1.94707e-06
3.82613
9.23909
1.94707e-06
3.82613
0.6875
0.5
9.808
1.94707e-06
1.95015
9.808
1.94707e-06
1.95015
0.71875
0.5
10
1.94707e-06
-0.000770529
10
1.94707e-06
-0.000770529
0.75
0.5
9.8077
1.94707e-06
-1.95166
9.8077
1.94707e-06
-1.95166
0.78125
0.5
9.2385
1.94707e-06
-3.82756
9.2385
1.94707e-06
-3.82756
0.8125
0.5
8.31426
1.94707e-06
-5.55636
8.31426
1.94707e-06
-5.55636
0.84375
0.5
7.07051
1.94707e-06
-7.07163
7.07051
1.94707e-06
-7.07163
0.875
0.5
5.55504
1.94707e-06
-8.31514
5.55504
1.94707e-06
-8.31514
0.90625
0.5
3.82609
1.94707e-06
-9.2391
3.82609
1.94707e-06
-9.2391
0.9375
0.5
1.95011
1.94707e-06
-9.80801
1.95011
1.94707e-06
-9.80801
0.96875
0.5
-0.000799413
1.9509
-9.80785
-0.000799413
1.9509
-9.80785
0
0.4375
-1.91421
1.9509
-9.61924
-1.91421
1.9509
-9.61924
0.03125
0.4375
-3.75405
1.9509
-9.06096
-3.75405
1.9509
-9.06096
0.0625
0.4375
-5.44963
1.9509
-8.15448
-5.44963
1.9509
-8.15448
0.09375
0.4375
-6.93578
1.9509
-6.93462
-6.93578
1.9509
-6.93462
0.125
0.4375
-8.15539
1.9509
-5.44826
-8.15539
1.9509
-5.44826
0.15625
0.4375
-9.06159
1.9509
-3.75253
-9.06159
1.9509
-3.75253
0.1875
0.4375
-9.61956
1.9509
-1.9126
-9.61956
1.9509
-1.9126
0.21875
0.4375
-9.80785
1.9509
0.000843101
-9.80785
1.9509
0.000843101
0.25
0.4375
-9.61923
1.9509
1.91425
-9.61923
1.9509
1.91425
0.28125
0.4375
-9.06095
1.9509
3.75409
-9.06095
1.9509
3.75409
0.3125
0.4375
-8.15445
1.9509
5.44967
-8.15445
1.9509
5.44967
0.34375
0.4375
-6.93459
1.9509
6.93581
-6.93459
1.9509
6.93581
0.375
0.4375
-5.44823
1.9509
8.15541
-5.44823
1.9509
8.15541
0.40625
0.4375
-3.75249
1.9509
9.06161
-3.75249
1.9509
9.06161
0.4375
0.4375
-1.91255
1.9509
9.61957
-1.91255
1.9509
9.61957
0.46875
0.4375
0.00088679
1.9509
9.80785
0.00088679
1.9509
9.80785
0.5
0.4375
1.91429
1.9509
9.61922
1.91429
1.9509
9.61922
0.53125
0.4375
3.75413
1.9509
9.06093
3.75413
1.9509
9.06093
0.5625
0.4375
5.4497
1.9509
8.15443
5.4497
1.9509
8.15443
0.59375
0.4375
6.93584
1.9509
6.93456
6.93584
1.9509
6.93456
0.625
0.4375
8.15544
1.9509
5.44819
8.15544
1.9509
5.44819
0.65625
0.4375
9.06163
1.9509
3.75245
9.06163
1.9509
3.75245
0.6875
0.4375
9.61958
1.9509
1.91251
9.61958
1.9509
1.91251
0.71875
0.4375
9.80785
1.9509
-0.000930479
9.80785
1.9509
-0.000930479
0.75
0.4375
9.61922
1.9509
-1.91434
9.61922
1.9509
-1.91434
0.78125
0.4375
9.06091
1.9509
-3.75417
9.06091
1.9509
-3.75417
0.8125
0.4375
8.15441
1.9509
-5.44974
8.15441
1.9509
-5.44974
0.84375
0.4375
6.93453
1.9509
-6.93587
6.93453
1.9509
-6.93587
0.875
0.4375
5.44815
1.9509
-8.15546
5.44815
1.9509
-8.15546
0.90625
0.4375
3.75241
1.9509
-9.06164
3.75241
1.9509
-9.06164
0.9375
0.4375
1.91247
1.9509
-9.61959
1.91247
1.9509
-9.61959
0.96875
0.4375
-0.000917645
3.82684
-9.2388
-0.000917645
3.82684
-9.2388
0
0.375
-1.8033
3.82684
-9.06109
-1.8033
3.82684
-9.06109
0.03125
0.375
-3.53639
3.82684
-8.53518
-3.53639
3.82684
-8.53518
0.0625
0.375
-5.13358
3.82684
-7.68126
-5.13358
3.82684
-7.68126
0.09375
0.375
-6.53348
3.82684
-6.53215
-6.53348
3.82684
-6.53215
0.125
0.375
-7.6823
3.82684
-5.13202
-7.6823
3.82684
-5.13202
0.15625
0.375
-8.5359
3.82684
-3.53466
-8.5359
3.82684
-3.53466
0.1875
0.375
-9.06146
3.82684
-1.80146
-9.06146
3.82684
-1.80146
0.21875
0.375
-9.2388
3.82684
0.000958799
-9.2388
3.82684
0.000958799
0.25
0.375
-9.06109
3.82684
1.80334
-9.06109
3.82684
1.80334
0.28125
0.375
-8.53516
3.82684
3.53643
-8.53516
3.82684
3.53643
0.3125
0.375
-7.68124
3.82684
5.13361
-7.68124
3.82684
5.13361
0.34375
0.375
-6.53212
3.82684
6.53351
-6.53212
3.82684
6.53351
0.375
0.375
-5.13198
3.82684
7.68232
-5.13198
3.82684
7.68232
0.40625
0.375
-3.53462
3.82684
8.53591
-3.53462
3.82684
8.53591
0.4375
0.375
-1.80142
3.82684
9.06147
-1.80142
3.82684
9.06147
0.46875
0.375
0.000999953
3.82684
9.2388
0.000999953
3.82684
9.2388
0.5
0.375
1.80339
3.82684
9.06108
1.80339
3.82684
9.06108
0.53125
0.375
3.53647
3.82684
8.53515
3.53647
3.82684
8.53515
0.5625
0.375
5.13364
3.82684
7.68121
5.13364
3.82684
7.68121
0.59375
0.375
6.53354
3.82684
6.53209
6.53354
3.82684
6.53209
0.625
0.375
7.68235
3.82684
5.13195
7.68235
3.82684
5.13195
0.65625
0.375
8.53593
3.82684
3.53458
8.53593
3.82684
3.53458
0.6875
0.375
9.06148
3.82684
1.80138
9.06148
3.82684
1.80138
0.71875
0.375
9.2388
3.82684
-0.00104111
9.2388
3.82684
-0.00104111
0.75
0.375
9.06107
3.82684
-1.80343
9.06107
3.82684
-1.80343
0.78125
0.375
8.53513
3.82684
-3.53651
8.53513
3.82684
-3.53651
0.8125
0.375
7.68119
3.82684
-5.13368
7.68119
3.82684
-5.13368
0.84375
0.375
6.53206
3.82684
-6.53357
6.53206
3.82684
-6.53357
0.875
0.375
5.13191
3.82684
-7.68237
5.13191
3.82684
-7.68237
0.90625
0.375
3.53454
3.82684
-8.53594
3.53454
3.82684
-8.53594
0.9375
0.375
1.80134
3.82684
-9.06148
1.80134
3.82684
-9.06148
0.96875
0.375
-0.000974009
5.5557
-8.3147
-0.000974009
5.5557
-8.3147
0
0.3125
-1.62308
5.5557
-8.15474
-1.62308
5.5557
-8.15474
0.03125
0.3125
-3.1828
5.5557
-7.6814
-3.1828
5.5557
-7.6814
0.0625
0.3125
-4.62022
5.5557
-6.91287
-4.62022
5.5557
-6.91287
0.09375
0.3125
-5.88008
5.5557
-5.87868
-5.88008
5.5557
-5.87868
0.125
0.3125
-6.91397
5.5557
-4.61857
-6.91397
5.5557
-4.61857
0.15625
0.3125
-7.68216
5.5557
-3.18097
-7.68216
5.5557
-3.18097
0.1875
0.3125
-8.15513
5.5557
-1.62113
-8.15513
5.5557
-1.62113
0.21875
0.3125
-8.3147
5.5557
0.00101105
-8.3147
5.5557
0.00101105
0.25
0.3125
-8.15473
5.5557
1.62311
-8.15473
5.5557
1.62311
0.28125
0.3125
-7.68139
5.5557
3.18284
-7.68139
5.5557
3.18284
0.3125
0.3125
-6.91285
5.5557
4.62025
-6.91285
5.5557
4.62025
0.34375
0.3125
-5.87865
5.5557
5.88011
-5.87865
5.5557
5.88011
0.375
0.3125
-4.61854
5.5557
6.91399
-4.61854
5.5557
6.91399
0.40625
0.3125
-3.18094
5.5557
7.68217
-3.18094
5.5557
7.68217
0.4375
0.3125
-1.62109
5.5557
8.15513
-1.62109
5.5557
8.15513
0.46875
0.3125
0.00104808
5.5557
8.3147
0.00104808
5.5557
8.3147
0.5
0.3125
1.62315
5.5557
8.15473
1.62315
5.5557
8.15473
0.53125
0.3125
3.18287
5.5557
7.68137
3.18287
5.5557
7.68137
0.5625
0.3125
4.62028
5.5557
6.91283
4.62028
5.5557
6.91283
0.59375
0.3125
5.88013
5.5557
5.87862
5.88013
5.5557
5.87862
0.625
0.3125
6.91401
5.5557
4.61851
6.91401
5.5557
4.61851
0.65625
0.3125
7.68219
5.5557
3.1809
7.68219
5.5557
3.1809
0.6875
0.3125
8.15514
5.5557
1.62106
8.15514
5.5557
1.62106
0.71875
0.3125
8.3147
5.5557
-0.00108512
8.3147
5.5557
-0.00108512
0.75
0.3125
8.15472
5.5557
-1.62319
8.15472
5.5557
-1.62319
0.78125
0.3125
7.68136
5.5557
-3.18291
7.68136
5.5557
-3.18291
0.8125
0.3125
6.91281
5.5557
-4.62031
6.91281
5.5557
-4.62031
0.84375
0.3125
5.8786
5.5557
-5.88016
5.8786
5.5557
-5.88016
0.875
0.3125
4.61848
5.5557
-6.91403
4.61848
5.5557
-6.91403
0.90625
0.3125
3.18087
5.5557
-7.6822
3.18087
5.5557
-7.6822
0.9375
0.3125
1.62102
5.5557
-8.15515
1.62102
5.5557
-8.15515
0.96875
0.3125
-0.000954317
7.07107
-7.07107
-0.000954317
7.07107
-7.07107
0
0.25
-1.38044
7.07107
-6.93501
-1.38044
7.07107
-6.93501
0.03125
0.25
-2.70687
7.07107
-6.53245
-2.70687
7.07107
-6.53245
0.0625
0.25
-3.92928
7.07107
-5.87884
-3.92928
7.07107
-5.87884
0.09375
0.25
-5.00069
7.07107
-4.99931
-5.00069
7.07107
-4.99931
0.125
0.25
-5.87992
7.07107
-3.92766
-5.87992
7.07107
-3.92766
0.15625
0.25
-6.53319
7.07107
-2.70508
-6.53319
7.07107
-2.70508
0.1875
0.25
-6.93539
7.07107
-1.37853
-6.93539
7.07107
-1.37853
0.21875
0.25
-7.07107
7.07107
0.000985815
-7.07107
7.07107
0.000985815
0.25
0.25
-6.935
7.07107
1.38047
-6.935
7.07107
1.38047
0.28125
0.25
-6.53243
7.07107
2.7069
-6.53243
7.07107
2.7069
0.3125
0.25
-5.87882
7.07107
3.9293
-5.87882
7.07107
3.9293
0.34375
0.25
-4.99929
7.07107
5.00071
-4.99929
7.07107
5.00071
0.375
0.25
-3.92764
7.07107
5.87994
-3.92764
7.07107
5.87994
0.40625
0.25
-2.70505
7.07107
6.5332
-2.70505
7.07107
6.5332
0.4375
0.25
-1.3785
7.07107
6.9354
-1.3785
7.07107
6.9354
0.46875
0.25
0.00101731
7.07107
7.07107
0.00101731
7.07107
7.07107
0.5
0.25
1.3805
7.07107
6.935
1.3805
7.07107
6.935
0.53125
0.25
2.70693
7.07107
6.53242
2.70693
7.07107
6.53242
0.5625
0.25
3.92933
7.07107
5.87881
3.92933
7.07107
5.87881
0.59375
0.25
5.00073
7.07107
4.99927
5.00073
7.07107
4.99927
0.625
0.25
5.87995
7.07107
3.92761
5.87995
7.07107
3.92761
0.65625
0.25
6.53321
7.07107
2.70502
6.53321
7.07107
2.70502
0.6875
0.25
6.9354
7.07107
1.37847
6.9354
7.07107
1.37847
0.71875
0.25
7.07107
7.07107
-0.00104881
7.07107
7.07107
-0.00104881
0.75
0.25
6.93499
7.07107
-1.38053
6.93499
7.07107
-1.38053
0.78125
0.25
6.53241
7.07107
-2.70696
6.53241
7.07107
-2.70696
0.8125
0.25
5.87879
7.07107
-3.92936
5.87879
7.07107
-3.92936
0.84375
0.25
4.99925
7.07107
-5.00075
4.99925
7.07107
-5.00075
0.875
0.25
3.92759
7.07107
-5.87997
3.92759
7.07107
-5.87997
0.90625
0.25
2.70499
7.07107
-6.53322
2.70499
7.07107
-6.53322
0.9375
0.25
1.37844
7.07107
-6.93541
1.37844
7.07107
-6.93541
0.96875
0.25
-0.000848793
8.3147
-5.5557
-0.000848793
8.3147
-5.5557
0
0.1875
-1.0847
8.3147
-5.44878
-1.0847
8.3147
-5.44878
0.03125
0.1875
-2.12686
8.3147
-5.13247
-2.12686
8.3147
-5.13247
0.0625
0.1875
-3.0873
8.3147
-4.61892
-3.0873
8.3147
-4.61892
0.09375
0.1875
-3.92908
8.3147
-3.92786
-3.92908
8.3147
-3.92786
0.125
0.1875
-4.61988
8.3147
-3.08586
-4.61988
8.3147
-3.08586
0.15625
0.1875
-5.13313
8.3147
-2.12527
-5.13313
8.3147
-2.12527
0.1875
0.1875
-5.44912
8.3147
-1.08301
-5.44912
8.3147
-1.08301
0.21875
0.1875
-5.5557
8.3147
0.00087354
-5.5557
8.3147
0.00087354
0.25
0.1875
-5.44878
8.3147
1.08472
-5.44878
8.3147
1.08472
0.28125
0.1875
-5.13246
8.3147
2.12689
-5.13246
8.3147
2.12689
0.3125
0.1875
-4.61891
8.3147
3.08732
-4.61891
8.3147
3.08732
0.34375
0.1875
-3.92785
8.3147
3.9291
-3.92785
8.3147
3.9291
0.375
0.1875
-3.08584
8.3147
4.61989
-3.08584
8.3147
4.61989
0.40625
0.1875
-2.12525
8.3147
5.13314
-2.12525
8.3147
5.13314
0.4375
0.1875
-1.08299
8.3147
5.44912
-1.08299
8.3147
5.44912
0.46875
0.1875
0.000898288
8.3147
5.5557
0.000898288
8.3147
5.5557
0.5
0.1875
1.08475
8.3147
5.44877
1.08475
8.3147
5.44877
0.53125
0.1875
2.12691
8.3147
5.13245
2.12691
8.3147
5.13245
0.5625
0.1875
3.08734
8.3147
4.61889
3.08734
8.3147
4.61889
0.59375
0.1875
3.92912
8.3147
3.92783
3.92912
8.3147
3.92783
0.625
0.1875
4.6199
8.3147
3.08582
4.6199
8.3147
3.08582
0.65625
0.1875
5.13315
8.3147
2.12523
5.13315
8.3147
2.12523
0.6875
0.1875
5.44913
8.3147
1.08296
5.44913
8.3147
1.08296
0.71875
0.1875
5.5557
8.3147
-0.000923036
5.5557
8.3147
-0.000923036
0.75
0.1875
5.44877
8.3147
-1.08477
5.44877
8.3147
-1.08477
0.78125
0.1875
5.13244
8.3147
-2.12693
5.13244
8.3147
-2.12693
0.8125
0.1875
4.61888
8.3147
-3.08736
4.61888
8.3147
-3.08736
0.84375
0.1875
3.92781
8.3147
-3.92913
3.92781
8.3147
-3.92913
0.875
0.1875
3.0858
8.3147
-4.61992
3.0858
8.3147
-4.61992
0.90625
0.1875
2.1252
8.3147
-5.13316
2.1252
8.3147
-5.13316
0.9375
0.1875
1.08294
8.3147
-5.44913
1.08294
8.3147
-5.44913
0.96875
0.1875
-0.000652844
9.2388
-3.82683
-0.000652844
9.2388
-3.82683
0
0.125
-0.74722
9.2388
-3.75317
-0.74722
9.2388
-3.75317
0.03125
0.125
-1.46507
9.2388
-3.53528
-1.46507
9.2388
-3.53528
0.0625
0.125
-2.12662
9.2388
-3.18153
-2.12662
9.2388
-3.18153
0.09375
0.125
-2.70645
9.2388
-2.70551
-2.70645
9.2388
-2.70551
0.125
0.125
-3.18226
9.2388
-2.12552
-3.18226
9.2388
-2.12552
0.15625
0.125
-3.53579
9.2388
-1.46385
-3.53579
9.2388
-1.46385
0.1875
0.125
-3.75343
9.2388
-0.745923
-3.75343
9.2388
-0.745923
0.21875
0.125
-3.82683
9.2388
0.000669891
-3.82683
9.2388
0.000669891
0.25
0.125
-3.75317
9.2388
0.747237
-3.75317
9.2388
0.747237
0.28125
0.125
-3.53527
9.2388
1.46509
-3.53527
9.2388
1.46509
0.3125
0.125
-3.18152
9.2388
2.12664
-3.18152
9.2388
2.12664
0.34375
0.125
-2.7055
9.2388
2.70646
-2.7055
9.2388
2.70646
0.375
0.125
-2.12551
9.2388
3.18227
-2.12551
9.2388
3.18227
0.40625
0.125
-1.46383
9.2388
3.53579
-1.46383
9.2388
3.53579
0.4375
0.125
-0.745906
9.2388
3.75343
-0.745906
9.2388
3.75343
0.46875
0.125
0.000686937
9.2388
3.82683
0.000686937
9.2388
3.82683
0.5
0.125
0.747254
9.2388
3.75317
0.747254
9.2388
3.75317
0.53125
0.125
1.4651
9.2388
3.53527
1.4651
9.2388
3.53527
0.5625
0.125
2.12665
9.2388
3.18151
2.12665
9.2388
3.18151
0.59375
0.125
2.70647
9.2388
2.70549
2.70647
9.2388
2.70549
0.625
0.125
3.18228
9.2388
2.12549
3.18228
9.2388
2.12549
0.65625
0.125
3.5358
9.2388
1.46382
3.5358
9.2388
1.46382
0.6875
0.125
3.75344
9.2388
0.74589
3.75344
9.2388
0.74589
0.71875
0.125
3.82683
9.2388
-0.000703984
3.82683
9.2388
-0.000703984
0.75
0.125
3.75316
9.2388
-0.747271
3.75316
9.2388
-0.747271
0.78125
0.125
3.53526
9.2388
-1.46512
3.53526
9.2388
-1.46512
0.8125
0.125
3.1815
9.2388
-2.12666
3.1815
9.2388
-2.12666
0.84375
0.125
2.70548
9.2388
-2.70648
2.70548
9.2388
-2.70648
0.875
0.125
2.12548
9.2388
-3.18229
2.12548
9.2388
-3.18229
0.90625
0.125
1.4638
9.2388
-3.53581
1.4638
9.2388
-3.53581
0.9375
0.125
0.745873
9.2388
-3.75344
0.745873
9.2388
-3.75344
0.96875
0.125
-0.000367578
9.80785
-1.9509
-0.000367578
9.80785
-1.9509
0
0.0625
-0.380964
9.80785
-1.91334
-0.380964
9.80785
-1.91334
0.03125
0.0625
-0.746919
9.80785
-1.80226
-0.746919
9.80785
-1.80226
0.0625
0.0625
-1.08417
9.80785
-1.62191
-1.08417
9.80785
-1.62191
0.09375
0.0625
-1.37976
9.80785
-1.37923
-1.37976
9.80785
-1.37923
0.125
0.0625
-1.62232
9.80785
-1.08355
-1.62232
9.80785
-1.08355
0.15625
0.0625
-1.80254
9.80785
-0.746232
-1.80254
9.80785
-0.746232
0.1875
0.0625
-1.91349
9.80785
-0.380234
-1.91349
9.80785
-0.380234
0.21875
0.0625
-1.9509
9.80785
0.000376268
-1.9509
9.80785
0.000376268
0.25
0.0625
-1.91334
9.80785
0.380972
-1.91334
9.80785
0.380972
0.28125
0.0625
-1.80225
9.80785
0.746927
-1.80225
9.80785
0.746927
0.3125
0.0625
-1.6219
9.80785
1.08418
-1.6219
9.80785
1.08418
0.34375
0.0625
-1.37923
9.80785
1.37976
-1.37923
9.80785
1.37976
0.375
0.0625
-1.08355
9.80785
1.62233
-1.08355
9.80785
1.62233
0.40625
0.0625
-0.746224
9.80785
1.80254
-0.746224
9.80785
1.80254
0.4375
0.0625
-0.380225
9.80785
1.91349
-0.380225
9.80785
1.91349
0.46875
0.0625
0.000384958
9.80785
1.9509
0.000384958
9.80785
1.9509
0.5
0.0625
0.380981
9.80785
1.91334
0.380981
9.80785
1.91334
0.53125
0.0625
0.746935
9.80785
1.80225
0.746935
9.80785
1.80225
0.5625
0.0625
1.08419
9.80785
1.6219
1.08419
9.80785
1.6219
0.59375
0.0625
1.37977
9.80785
1.37922
1.37977
9.80785
1.37922
0.625
0.0625
1.62233
9.80785
1.08354
1.62233
9.80785
1.08354
0.65625
0.0625
1.80255
9.80785
0.746216
1.80255
9.80785
0.746216
0.6875
0.0625
1.91349
9.80785
0.380217
1.91349
9.80785
0.380217
0.71875
0.0625
1.9509
9.80785
-0.000393648
1.9509
9.80785
-0.000393648
0.75
0.0625
1.91334
9.80785
-0.380989
1.91334
9.80785
-0.380989
0.78125
0.0625
1.80225
9.80785
-0.746943
1.80225
9.80785
-0.746943
0.8125
0.0625
1.62189
9.80785
-1.08419
1.62189
9.80785
-1.08419
0.84375
0.0625
1.37921
9.80785
-1.37978
1.37921
9.80785
-1.37978
0.875
0.0625
1.08353
9.80785
-1.62234
1.08353
9.80785
-1.62234
0.90625
0.0625
0.746208
9.80785
-1.80255
0.746208
9.80785
-1.80255
0.9375
0.0625
0.380208
9.80785
-1.91349
0.380208
9.80785
-1.91349
0.96875
0.0625
0
10
0
0
10
0
0.5
1
0
2
1
0
3
2
0
4
3
0
5
4
0
6
5
0
7
6
0
8
7
0
9
8
0
10
9
0
11
10
0
12
11
0
13
12
0
14
13
0
15
14
0
16
15
0
17
16
0
18
17
0
19
18
0
20
19
0
21
20
0
22
21
0
23
22
0
24
23
0
25
24
0
26
25
0
27
26
0
28
27
0
29
28
0
30
29
0
31
30
0
32
31
0
1
32
1
2
33
2
34
33
2
3
34
3
35
34
3
4
35
4
36
35
4
5
36
5
37
36
5
6
37
6
38
37
6
7
38
7
39
38
7
8
39
8
40
39
8
9
40
9
41
40
9
10
41
10
42
41
10
11
42
11
43
42
11
12
43
12
44
43
12
13
44
13
45
44
13
14
45
14
46
45
14
15
46
15
47
46
15
16
47
16
48
47
16
17
48
17
49
48
17
18
49
18
50
49
18
19
50
19
51
50
19
20
51
20
52
51
20
21
52
21
53
52
21
22
53
22
54
53
22
23
54
23
55
54
23
24
55
24
56
55
24
25
56
25
57
56
25
26
57
26
58
57
26
27
58
27
59
58
27
28
59
28
60
59
28
29
60
29
61
60
29
30
61
30
62
61
30
31
62
31
63
62
31
32
63
32
64
63
32
1
64
1
33
64
33
34
65
34
66
65
34
35
66
35
67
66
35
36
67
36
68
67
36
37
68
37
69
68
37
38
69
38
70
69
38
39
70
39
71
70
39
40
71
40
72
71
40
41
72
41
73
72
41
42
73
42
74
73
42
43
74
43
75
74
43
44
75
44
76
75
44
45
76
45
77
76
45
46
77
46
78
77
46
47
78
47
79
78
47
48
79
48
80
79
48
49
80
49
81
80
49
50
81
50
82
81
50
51
82
51
83
82
51
52
83
52
84
83
52
53
84
53
85
84
53
54
85
54
86
85
54
55
86
55
87
86
55
56
87
56
88
87
56
57
88
57
89
88
57
58
89
58
90
89
58
59
90
59
91
90
59
60
91
60
92
91
60
61
92
61
93
92
61
62
93
62
94
93
62
63
94
63
95
94
63
64
95
64
96
95
64
33
96
33
65
96
65
66
97
66
98
97
66
67
98
67
99
98
67
68
99
68
100
99
68
69
100
69
101
100
69
70
101
70
102
101
70
71
102
71
103
102
71
72
103
72
104
103
72
73
104
73
105
104
73
74
105
74
106
105
74
75
106
75
107
106
75
76
107
76
108
107
76
77
108
77
109
108
77
78
109
78
110
109
78
79
110
79
111
110
79
80
111
80
112
111
80
81
112
81
113
112
81
82
113
82
114
113
82
83
114
83
115
114
83
84
115
84
116
115
84
85
116
85
117
116
85
86
117
86
118
117
86
87
118
87
119
118
87
88
119
88
120
119
88
89
120
89
121
120
89
90
121
90
122
121
90
91
122
91
123
122
91
92
123
92
124
123
92
93
124
93
125
124
93
94
125
94
126
125
94
95
126
95
127
126
95
96
127
96
128
127
96
65
128
65
97
128
97
98
129
98
130
129
98
99
130
99
131
130
99
100
131
100
132
131
100
101
132
101
133
132
101
102
133
102
134
133
102
103
134
103
135
134
103
104
135
104
136
135
104
105
136
105
137
136
105
106
137
106
138
137
106
107
138
107
139
138
107
108
139
108
140
139
108
109
140
109
141
140
109
110
141
110
142
141
110
111
142
111
143
142
111
112
143
112
144
143
112
113
144
113
145
144
113
114
145
114
146
145
114
115
146
115
147
146
115
116
147
116
148
147
116
117
148
117
149
148
117
118
149
118
150
149
118
119
150
119
151
150
119
120
151
120
152
151
120
121
152
121
153
152
121
122
153
122
154
153
122
123
154
123
155
154
123
124
155
124
156
155
124
125
156
125
157
156
125
126
157
126
158
157
126
127
158
127
159
158
127
128
159
128
160
159
128
97
160
97
129
160
129
130
161
130
162
161
130
131
162
131
163
162
131
132
163
132
164
163
132
133
164
133
165
164
133
134
165
134
166
165
134
135
166
135
167
166
135
136
167
136
168
167
136
137
168
137
169
168
137
138
169
138
170
169
138
139
170
139
171
170
139
140
171
140
172
171
140
141
172
141
173
172
141
142
173
142
174
173
142
143
174
143
175
174
143
144
175
144
176
175
144
145
176
145
177
176
145
146
177
146
178
177
146
147
178
147
179
178
147
148
179
148
180
179
148
149
180
149
181
180
149
150
181
150
182
181
150
151
182
151
183
182
151
152
183
152
184
183
152
153
184
153
185
184
153
154
185
154
186
185
154
155
186
155
187
186
155
156
187
156
188
187
156
157
188
157
189
188
157
158
189
158
190
189
158
159
190
159
191
190
159
160
191
160
192
191
160
129
192
129
161
192
161
162
193
162
194
193
162
163
194
163
195
194
163
164
195
164
196
195
164
165
196
165
197
196
165
166
197
166
198
197
166
167
198
167
199
198
167
168
199
168
200
199
168
169
200
169
201
200
169
170
201
170
202
201
170
171
202
171
203
202
171
172
203
172
204
203
172
173
204
173
205
204
173
174
205
174
206
205
174
175
206
175
207
206
175
176
207
176
208
207
176
177
208
177
209
208
177
178
209
178
210
209
178
179
210
179
211
210
179
180
211
180
212
211
180
181
212
181
213
212
181
182
213
182
214
213
182
183
214
183
215
214
183
184
215
184
216
215
184
185
216
185
217
216
185
186
217
186
218
217
186
187
218
187
219
218
187
188
219
188
220
219
188
189
220
189
221
220
189
190
221
190
222
221
190
191
222
191
223
222
191
192
223
192
224
223
192
161
224
161
193
224
193
194
225
194
226
225
194
195
226
195
227
226
195
196
227
196
228
227
196
197
228
197
229
228
197
198
229
198
230
229
198
199
230
199
231
230
199
200
231
200
232
231
200
201
232
201
233
232
201
202
233
202
234
233
202
203
234
203
235
234
203
204
235
204
236
235
204
205
236
205
237
236
205
206
237
206
238
237
206
207
238
207
239
238
207
208
239
208
240
239
208
209
240
209
241
240
209
210
241
210
242
241
210
211
242
211
243
242
211
212
243
212
244
243
212
213
244
213
245
244
213
214
245
214
246
245
214
215
246
215
247
246
215
216
247
216
248
247
216
217
248
217
249
248
217
218
249
218
250
249
218
219
250
219
251
250
219
220
251
220
252
251
220
221
252
221
253
252
221
222
253
222
254
253
222
223
254
223
255
254
223
224
255
224
256
255
224
193
256
193
225
256
225
226
257
226
258
257
226
227
258
227
259
258
227
228
259
228
260
259
228
229
260
229
261
260
229
230
261
230
262
261
230
231
262
231
263
262
231
232
263
232
264
263
232
233
264
233
265
264
233
234
265
234
266
265
234
235
266
235
267
266
235
236
267
236
268
267
236
237
268
237
269
268
237
238
269
238
270
269
238
239
270
239
271
270
239
240
271
240
272
271
240
241
272
241
273
272
241
242
273
242
274
273
242
243
274
243
275
274
243
244
275
244
276
275
244
245
276
245
277
276
245
246
277
246
278
277
246
247
278
247
279
278
247
248
279
248
280
279
248
249
280
249
281
280
249
250
281
250
282
281
250
251
282
251
283
282
251
252
283
252
284
283
252
253
284
253
285
284
253
254
285
254
286
285
254
255
286
255
287
286
255
256
287
256
288
287
256
225
288
225
257
288
257
258
289
258
290
289
258
259
290
259
291
290
259
260
291
260
292
291
260
261
292
261
293
292
261
262
293
262
294
293
262
263
294
263
295
294
263
264
295
264
296
295
264
265
296
265
297
296
265
266
297
266
298
297
266
267
298
267
299
298
267
268
299
268
300
299
268
269
300
269
301
300
269
270
301
270
302
301
270
271
302
271
303
302
271
272
303
272
304
303
272
273
304
273
305
304
273
274
305
274
306
305
274
275
306
275
307
306
275
276
307
276
308
307
276
277
308
277
309
308
277
278
309
278
310
309
278
279
310
279
311
310
279
280
311
280
312
311
280
281
312
281
313
312
281
282
313
282
314
313
282
283
314
283
315
314
283
284
315
284
316
315
284
285
316
285
317
316
285
286
317
286
318
317
286
287
318
287
319
318
287
288
319
288
320
319
288
257
320
257
289
320
289
290
321
290
322
321
290
291
322
291
323
322
291
292
323
292
324
323
292
293
324
293
325
324
293
294
325
294
326
325
294
295
326
295
327
326
295
296
327
296
328
327
296
297
328
297
329
328
297
298
329
298
330
329
298
299
330
299
331
330
299
300
331
300
332
331
300
301
332
301
333
332
301
302
333
302
334
333
302
303
334
303
335
334
303
304
335
304
336
335
304
305
336
305
337
336
305
306
337
306
338
337
306
307
338
307
339
338
307
308
339
308
340
339
308
309
340
309
341
340
309
310
341
310
342
341
310
311
342
311
343
342
311
312
343
312
344
343
312
313
344
313
345
344
313
314
345
314
346
345
314
315
346
315
347
346
315
316
347
316
348
347
316
317
348
317
349
348
317
318
349
318
350
349
318
319
350
319
351
350
319
320
351
320
352
351
320
289
352
289
321
352
321
322
353
322
354
353
322
323
354
323
355
354
323
324
355
324
356
355
324
325
356
325
357
356
325
326
357
326
358
357
326
327
358
327
359
358
327
328
359
328
360
359
328
329
360
329
361
360
329
330
361
330
362
361
330
331
362
331
363
362
331
332
363
332
364
363
332
333
364
333
365
364
333
334
365
334
366
365
334
335
366
335
367
366
335
336
367
336
368
367
336
337
368
337
369
368
337
338
369
338
370
369
338
339
370
339
371
370
339
340
371
340
372
371
340
341
372
341
373
372
341
342
373
342
374
373
342
343
374
343
375
374
343
344
375
344
376
375
344
345
376
345
377
376
345
346
377
346
378
377
346
347
378
347
379
378
347
348
379
348
380
379
348
349
380
349
381
380
349
350
381
350
382
381
350
351
382
351
383
382
351
352
383
352
384
383
352
321
384
321
353
384
353
354
385
354
386
385
354
355
386
355
387
386
355
356
387
356
388
387
356
357
388
357
389
388
357
358
389
358
390
389
358
359
390
359
391
390
359
360
391
360
392
391
360
361
392
361
393
392
361
362
393
362
394
393
362
363
394
363
395
394
363
364
395
364
396
395
364
365
396
365
397
396
365
366
397
366
398
397
366
367
398
367
399
398
367
368
399
368
400
399
368
369
400
369
401
400
369
370
401
370
402
401
370
371
402
371
403
402
371
372
403
372
404
403
372
373
404
373
405
404
373
374
405
374
406
405
374
375
406
375
407
406
375
376
407
376
408
407
376
377
408
377
409
408
377
378
409
378
410
409
378
379
410
379
411
410
379
380
411
380
412
411
380
381
412
381
413
412
381
382
413
382
414
413
382
383
414
383
415
414
383
384
415
384
416
415
384
353
416
353
385
416
385
386
417
386
418
417
386
387
418
387
419
418
387
388
419
388
420
419
388
389
420
389
421
420
389
390
421
390
422
421
390
391
422
391
423
422
391
392
423
392
424
423
392
393
424
393
425
424
393
394
425
394
426
425
394
395
426
395
427
426
395
396
427
396
428
427
396
397
428
397
429
428
397
398
429
398
430
429
398
399
430
399
431
430
399
400
431
400
432
431
400
401
432
401
433
432
401
402
433
402
434
433
402
403
434
403
435
434
403
404
435
404
436
435
404
405
436
405
437
436
405
406
437
406
438
437
406
407
438
407
439
438
407
408
439
408
440
439
408
409
440
409
441
440
409
410
441
410
442
441
410
411
442
411
443
442
411
412
443
412
444
443
412
413
444
413
445
444
413
414
445
414
446
445
414
415
446
415
447
446
415
416
447
416
448
447
416
385
448
385
417
448
417
418
449
418
450
449
418
419
450
419
451
450
419
420
451
420
452
451
420
421
452
421
453
452
421
422
453
422
454
453
422
423
454
423
455
454
423
424
455
424
456
455
424
425
456
425
457
456
425
426
457
426
458
457
426
427
458
427
459
458
427
428
459
428
460
459
428
429
460
429
461
460
429
430
461
430
462
461
430
431
462
431
463
462
431
432
463
432
464
463
432
433
464
433
465
464
433
434
465
434
466
465
434
435
466
435
467
466
435
436
467
436
468
467
436
437
468
437
469
468
437
438
469
438
470
469
438
439
470
439
471
470
439
440
471
440
472
471
440
441
472
441
473
472
441
442
473
442
474
473
442
443
474
443
475
474
443
444
475
444
476
475
444
445
476
445
477
476
445
446
477
446
478
477
446
447
478
447
479
478
447
448
479
448
480
479
448
417
480
417
449
480
481
479
480
481
478
479
481
477
478
481
476
477
481
475
476
481
474
475
481
473
474
481
472
473
481
471
472
481
470
471
481
469
470
481
468
469
481
467
468
481
466
467
481
465
466
481
464
465
481
463
464
481
462
463
481
461
462
481
460
461
481
459
460
481
458
459
481
457
458
481
456
457
481
455
456
481
454
455
481
453
454
481
452
453
481
451
452
481
450
451
481
449
450
481
448
449
